game_id,experiment,language,rep,seed,persona_set,persona_seats,memory_mode,opponent_profile,framing,risk_framing,show_computed_totals,n_players,endowment,contribution_options,target,risk_probability,n_rounds_is_known,max_rounds,played_rounds,agents_communicate,group_contributions,pot_cumulative,group_total,target_reached,catastrophe,mean_payoff,n_parse_failures,agent1_name,agent1_llm,agent1_personality,agent1_knows_opponent_with_prob,agent1_strategies,agent1_scores,agent1_messages,agent1_payoff,agent1_parse_failures,agent2_name,agent2_llm,agent2_personality,agent2_knows_opponent_with_prob,agent2_strategies,agent2_scores,agent2_messages,agent2_payoff,agent2_parse_failures,agent3_name,agent3_llm,agent3_personality,agent3_knows_opponent_with_prob,agent3_strategies,agent3_scores,agent3_messages,agent3_payoff,agent3_parse_failures,agent4_name,agent4_llm,agent4_personality,agent4_knows_opponent_with_prob,agent4_strategies,agent4_scores,agent4_messages,agent4_payoff,agent4_parse_failures,agent5_name,agent5_llm,agent5_personality,agent5_knows_opponent_with_prob,agent5_strategies,agent5_scores,agent5_messages,agent5_payoff,agent5_parse_failures,agent6_name,agent6_llm,agent6_personality,agent6_knows_opponent_with_prob,agent6_strategies,agent6_scores,agent6_messages,agent6_payoff,agent6_parse_failures
crsd_milinski_low_risk_nohint__anthropic-claude-haiku-4-5-20251001__en__rep0,exp_nohint,en,0,12345,personas_default,NNNNNN,full_history,,0,lottery,0,6,40.0,"[0, 2, 4]",120.0,0.1,True,10,10,False,"[12, 12, 18, 20, 18, 20, 16, 12, 0, 0]","[12, 24, 42, 62, 80, 100, 116, 128, 128, 128]",128.0,1,0,18.666666666666668,0,Player_1,anthropic-claude-haiku-4-5-20251001,neutral,0,"[2, 2, 2, 2, 2, 2, 2, 2, 0, 0]","[38, 36, 34, 32, 30, 28, 26, 24, 24, 24]",[],24.0,0,Player_2,anthropic-claude-haiku-4-5-20251001,neutral,0,"[2, 2, 2, 4, 2, 4, 4, 2, 0, 0]","[38, 36, 34, 30, 28, 24, 20, 18, 18, 18]",[],18.0,0,Player_3,anthropic-claude-haiku-4-5-20251001,neutral,0,"[2, 2, 4, 2, 4, 4, 2, 2, 0, 0]","[38, 36, 32, 30, 26, 22, 20, 18, 18, 18]",[],18.0,0,Player_4,anthropic-claude-haiku-4-5-20251001,neutral,0,"[2, 2, 4, 4, 4, 4, 4, 2, 0, 0]","[38, 36, 32, 28, 24, 20, 16, 14, 14, 14]",[],14.0,0,Player_5,anthropic-claude-haiku-4-5-20251001,neutral,0,"[2, 2, 4, 4, 4, 4, 2, 2, 0, 0]","[38, 36, 32, 28, 24, 20, 18, 16, 16, 16]",[],16.0,0,Player_6,anthropic-claude-haiku-4-5-20251001,neutral,0,"[2, 2, 2, 4, 2, 2, 2, 2, 0, 0]","[38, 36, 34, 30, 28, 26, 24, 22, 22, 22]",[],22.0,0
crsd_milinski_low_risk_nohint__anthropic-claude-haiku-4-5-20251001__en__rep1,exp_nohint,en,1,12346,personas_default,NNNNNN,full_history,,0,lottery,0,6,40.0,"[0, 2, 4]",120.0,0.1,True,10,10,False,"[12, 12, 14, 16, 14, 16, 12, 14, 12, 0]","[12, 24, 38, 54, 68, 84, 96, 110, 122, 122]",122.0,1,0,19.666666666666668,0,Player_1,anthropic-claude-haiku-4-5-20251001,neutral,0,"[2, 2, 2, 4, 2, 4, 2, 2, 0, 0]","[38, 36, 34, 30, 28, 24, 22, 20, 20, 20]",[],20.0,0,Player_2,anthropic-claude-haiku-4-5-20251001,neutral,0,"[2, 2, 2, 2, 2, 2, 2, 2, 2, 0]","[38, 36, 34, 32, 30, 28, 26, 24, 22, 22]",[],22.0,0,Player_3,anthropic-claude-haiku-4-5-20251001,neutral,0,"[2, 2, 4, 2, 2, 2, 2, 4, 2, 0]","[38, 36, 32, 30, 28, 26, 24, 20, 18, 18]",[],18.0,0,Player_4,anthropic-claude-haiku-4-5-20251001,neutral,0,"[2, 2, 2, 2, 4, 4, 2, 2, 2, 0]","[38, 36, 34, 32, 28, 24, 22, 20, 18, 18]",[],18.0,0,Player_5,anthropic-claude-haiku-4-5-20251001,neutral,0,"[2, 2, 2, 2, 2, 2, 2, 2, 4, 0]","[38, 36, 34, 32, 30, 28, 26, 24, 20, 20]",[],20.0,0,Player_6,anthropic-claude-haiku-4-5-20251001,neutral,0,"[2, 2, 2, 4, 2, 2, 2, 2, 2, 0]","[38, 36, 34, 30, 28, 26, 24, 22, 20, 20]",[],20.0,0
crsd_milinski_low_risk_nohint__anthropic-claude-haiku-4-5-20251001__en__rep2,exp_nohint,en,2,12347,personas_default,NNNNNN,full_history,,0,lottery,0,6,40.0,"[0, 2, 4]",120.0,0.1,True,10,10,False,"[12, 12, 16, 22, 22, 24, 20, 0, 4, 0]","[12, 24, 40, 62, 84, 108, 128, 128, 132, 132]",132.0,1,0,18.0,0,Player_1,anthropic-claude-haiku-4-5-20251001,neutral,0,"[2, 2, 2, 4, 4, 4, 4, 0, 0, 0]","[38, 36, 34, 30, 26, 22, 18, 18, 18, 18]",[],18.0,0,Player_2,anthropic-claude-haiku-4-5-20251001,neutral,0,"[2, 2, 2, 4, 4, 4, 4, 0, 4, 0]","[38, 36, 34, 30, 26, 22, 18, 18, 14, 14]",[],14.0,0,Player_3,anthropic-claude-haiku-4-5-20251001,neutral,0,"[2, 2, 2, 2, 4, 4, 4, 0, 0, 0]","[38, 36, 34, 32, 28, 24, 20, 20, 20, 20]",[],20.0,0,Player_4,anthropic-claude-haiku-4-5-20251001,neutral,0,"[2, 2, 4, 4, 4, 4, 2, 0, 0, 0]","[38, 36, 32, 28, 24, 20, 18, 18, 18, 18]",[],18.0,0,Player_5,anthropic-claude-haiku-4-5-20251001,neutral,0,"[2, 2, 4, 4, 2, 4, 2, 0, 0, 0]","[38, 36, 32, 28, 26, 22, 20, 20, 20, 20]",[],20.0,0,Player_6,anthropic-claude-haiku-4-5-20251001,neutral,0,"[2, 2, 2, 4, 4, 4, 4, 0, 0, 0]","[38, 36, 34, 30, 26, 22, 18, 18, 18, 18]",[],18.0,0
crsd_milinski_low_risk_nohint__anthropic-claude-haiku-4-5-20251001__en__rep3,exp_nohint,en,3,12348,personas_default,NNNNNN,full_history,,0,lottery,0,6,40.0,"[0, 2, 4]",120.0,0.1,True,10,10,False,"[12, 12, 16, 14, 18, 12, 14, 16, 16, 0]","[12, 24, 40, 54, 72, 84, 98, 114, 130, 130]",130.0,1,0,18.333333333333332,0,Player_1,anthropic-claude-haiku-4-5-20251001,neutral,0,"[2, 2, 4, 2, 2, 2, 2, 2, 2, 0]","[38, 36, 32, 30, 28, 26, 24, 22, 20, 20]",[],20.0,0,Player_2,anthropic-claude-haiku-4-5-20251001,neutral,0,"[2, 2, 2, 2, 2, 2, 2, 2, 2, 0]","[38, 36, 34, 32, 30, 28, 26, 24, 22, 22]",[],22.0,0,Player_3,anthropic-claude-haiku-4-5-20251001,neutral,0,"[2, 2, 2, 2, 4, 2, 2, 2, 4, 0]","[38, 36, 34, 32, 28, 26, 24, 22, 18, 18]",[],18.0,0,Player_4,anthropic-claude-haiku-4-5-20251001,neutral,0,"[2, 2, 4, 2, 4, 2, 2, 2, 2, 0]","[38, 36, 32, 30, 26, 24, 22, 20, 18, 18]",[],18.0,0,Player_5,anthropic-claude-haiku-4-5-20251001,neutral,0,"[2, 2, 2, 4, 2, 2, 2, 4, 4, 0]","[38, 36, 34, 30, 28, 26, 24, 20, 16, 16]",[],16.0,0,Player_6,anthropic-claude-haiku-4-5-20251001,neutral,0,"[2, 2, 2, 2, 4, 2, 4, 4, 2, 0]","[38, 36, 34, 32, 28, 26, 22, 18, 16, 16]",[],16.0,0
crsd_milinski_low_risk_nohint__anthropic-claude-haiku-4-5-20251001__en__rep4,exp_nohint,en,4,12349,personas_default,NNNNNN,full_history,,0,lottery,0,6,40.0,"[0, 2, 4]",120.0,0.1,True,10,10,False,"[12, 12, 20, 20, 18, 16, 18, 12, 0, 4]","[12, 24, 44, 64, 82, 98, 116, 128, 128, 132]",132.0,1,0,18.0,0,Player_1,anthropic-claude-haiku-4-5-20251001,neutral,0,"[2, 2, 4, 2, 2, 2, 2, 2, 0, 0]","[38, 36, 32, 30, 28, 26, 24, 22, 22, 22]",[],22.0,0,Player_2,anthropic-claude-haiku-4-5-20251001,neutral,0,"[2, 2, 4, 4, 2, 2, 2, 2, 0, 0]","[38, 36, 32, 28, 26, 24, 22, 20, 20, 20]",[],20.0,0,Player_3,anthropic-claude-haiku-4-5-20251001,neutral,0,"[2, 2, 2, 4, 4, 4, 4, 2, 0, 0]","[38, 36, 34, 30, 26, 22, 18, 16, 16, 16]",[],16.0,0,Player_4,anthropic-claude-haiku-4-5-20251001,neutral,0,"[2, 2, 4, 2, 4, 2, 4, 2, 0, 0]","[38, 36, 32, 30, 26, 24, 20, 18, 18, 18]",[],18.0,0,Player_5,anthropic-claude-haiku-4-5-20251001,neutral,0,"[2, 2, 2, 4, 4, 2, 4, 2, 0, 0]","[38, 36, 34, 30, 26, 24, 20, 18, 18, 18]",[],18.0,0,Player_6,anthropic-claude-haiku-4-5-20251001,neutral,0,"[2, 2, 4, 4, 2, 4, 2, 2, 0, 4]","[38, 36, 32, 28, 26, 22, 20, 18, 18, 14]",[],14.0,0
crsd_milinski_low_risk_nohint__anthropic-claude-haiku-4-5-20251001__en__rep5,exp_nohint,en,5,12350,personas_default,NNNNNN,full_history,,0,lottery,0,6,40.0,"[2, 4]",120.0,0.1,True,10,10,False,"[14, 12, 14, 12, 12, 12, 12, 14, 14, 22]","[14, 26, 40, 52, 64, 76, 88, 102, 116, 138]",138.0,1,0,17.0,0,Player_1,anthropic-claude-haiku-4-5-20251001,neutral,0,"[4, 2, 2, 2, 2, 2, 2, 2, 4, 4]","[36, 34, 32, 30, 28, 26, 24, 22, 18, 14]",[],14.0,0,Player_2,anthropic-claude-haiku-4-5-20251001,neutral,0,"[2, 2, 4, 2, 2, 2, 2, 2, 2, 4]","[38, 36, 32, 30, 28, 26, 24, 22, 20, 16]",[],16.0,0,Player_3,anthropic-claude-haiku-4-5-20251001,neutral,0,"[2, 2, 2, 2, 2, 2, 2, 2, 2, 4]","[38, 36, 34, 32, 30, 28, 26, 24, 22, 18]",[],18.0,0,Player_4,anthropic-claude-haiku-4-5-20251001,neutral,0,"[2, 2, 2, 2, 2, 2, 2, 4, 2, 2]","[38, 36, 34, 32, 30, 28, 26, 22, 20, 18]",[],18.0,0,Player_5,anthropic-claude-haiku-4-5-20251001,neutral,0,"[2, 2, 2, 2, 2, 2, 2, 2, 2, 4]","[38, 36, 34, 32, 30, 28, 26, 24, 22, 18]",[],18.0,0,Player_6,anthropic-claude-haiku-4-5-20251001,neutral,0,"[2, 2, 2, 2, 2, 2, 2, 2, 2, 4]","[38, 36, 34, 32, 30, 28, 26, 24, 22, 18]",[],18.0,0
crsd_milinski_low_risk_nohint__anthropic-claude-haiku-4-5-20251001__en__rep6,exp_nohint,en,6,12351,personas_default,NNNNNN,full_history,,0,lottery,0,6,40.0,"[0, 2, 4]",120.0,0.1,True,10,10,False,"[12, 16, 16, 14, 16, 14, 14, 16, 12, 0]","[12, 28, 44, 58, 74, 88, 102, 118, 130, 130]",130.0,1,0,18.333333333333332,0,Player_1,anthropic-claude-haiku-4-5-20251001,neutral,0,"[2, 4, 4, 4, 4, 2, 2, 4, 2, 0]","[38, 34, 30, 26, 22, 20, 18, 14, 12, 12]",[],12.0,0,Player_2,anthropic-claude-haiku-4-5-20251001,neutral,0,"[2, 2, 2, 2, 2, 2, 2, 4, 2, 0]","[38, 36, 34, 32, 30, 28, 26, 22, 20, 20]",[],20.0,0,Player_3,anthropic-claude-haiku-4-5-20251001,neutral,0,"[2, 2, 2, 2, 2, 2, 2, 2, 2, 0]","[38, 36, 34, 32, 30, 28, 26, 24, 22, 22]",[],22.0,0,Player_4,anthropic-claude-haiku-4-5-20251001,neutral,0,"[2, 2, 2, 2, 2, 4, 2, 2, 2, 0]","[38, 36, 34, 32, 30, 26, 24, 22, 20, 20]",[],20.0,0,Player_5,anthropic-claude-haiku-4-5-20251001,neutral,0,"[2, 4, 2, 2, 2, 2, 2, 2, 2, 0]","[38, 34, 32, 30, 28, 26, 24, 22, 20, 20]",[],20.0,0,Player_6,anthropic-claude-haiku-4-5-20251001,neutral,0,"[2, 2, 4, 2, 4, 2, 4, 2, 2, 0]","[38, 36, 32, 30, 26, 24, 20, 18, 16, 16]",[],16.0,0
crsd_milinski_low_risk_nohint__anthropic-claude-haiku-4-5-20251001__en__rep7,exp_nohint,en,7,12352,personas_default,NNNNNN,full_history,,0,lottery,0,6,40.0,"[0, 2, 4]",120.0,0.1,True,10,10,False,"[14, 14, 14, 14, 12, 12, 12, 16, 16, 0]","[14, 28, 42, 56, 68, 80, 92, 108, 124, 124]",124.0,1,0,19.333333333333332,0,Player_1,anthropic-claude-haiku-4-5-20251001,neutral,0,"[2, 2, 4, 2, 2, 2, 2, 2, 4, 0]","[38, 36, 32, 30, 28, 26, 24, 22, 18, 18]",[],18.0,0,Player_2,anthropic-claude-haiku-4-5-20251001,neutral,0,"[2, 2, 2, 2, 2, 2, 2, 2, 2, 0]","[38, 36, 34, 32, 30, 28, 26, 24, 22, 22]",[],22.0,0,Player_3,anthropic-claude-haiku-4-5-20251001,neutral,0,"[2, 2, 2, 2, 2, 2, 2, 4, 2, 0]","[38, 36, 34, 32, 30, 28, 26, 22, 20, 20]",[],20.0,0,Player_4,anthropic-claude-haiku-4-5-20251001,neutral,0,"[4, 2, 2, 4, 2, 2, 2, 4, 2, 0]","[36, 34, 32, 28, 26, 24, 22, 18, 16, 16]",[],16.0,0,Player_5,anthropic-claude-haiku-4-5-20251001,neutral,0,"[2, 4, 2, 2, 2, 2, 2, 2, 4, 0]","[38, 34, 32, 30, 28, 26, 24, 22, 18, 18]",[],18.0,0,Player_6,anthropic-claude-haiku-4-5-20251001,neutral,0,"[2, 2, 2, 2, 2, 2, 2, 2, 2, 0]","[38, 36, 34, 32, 30, 28, 26, 24, 22, 22]",[],22.0,0
crsd_milinski_low_risk_nohint__anthropic-claude-haiku-4-5-20251001__en__rep8,exp_nohint,en,8,12353,personas_default,NNNNNN,full_history,,0,lottery,0,6,40.0,"[0, 2, 4]",120.0,0.1,True,10,10,False,"[12, 12, 16, 20, 16, 16, 12, 12, 14, 0]","[12, 24, 40, 60, 76, 92, 104, 116, 130, 130]",130.0,1,0,18.333333333333332,0,Player_1,anthropic-claude-haiku-4-5-20251001,neutral,0,"[2, 2, 4, 2, 2, 2, 2, 0, 0, 0]","[38, 36, 32, 30, 28, 26, 24, 24, 24, 24]",[],24.0,0,Player_2,anthropic-claude-haiku-4-5-20251001,neutral,0,"[2, 2, 2, 4, 2, 2, 2, 2, 2, 0]","[38, 36, 34, 30, 28, 26, 24, 22, 20, 20]",[],20.0,0,Player_3,anthropic-claude-haiku-4-5-20251001,neutral,0,"[2, 2, 2, 2, 2, 2, 2, 2, 2, 0]","[38, 36, 34, 32, 30, 28, 26, 24, 22, 22]",[],22.0,0,Player_4,anthropic-claude-haiku-4-5-20251001,neutral,0,"[2, 2, 2, 4, 4, 4, 2, 2, 4, 0]","[38, 36, 34, 30, 26, 22, 20, 18, 14, 14]",[],14.0,0,Player_5,anthropic-claude-haiku-4-5-20251001,neutral,0,"[2, 2, 2, 4, 4, 4, 2, 4, 2, 0]","[38, 36, 34, 30, 26, 22, 20, 16, 14, 14]",[],14.0,0,Player_6,anthropic-claude-haiku-4-5-20251001,neutral,0,"[2, 2, 4, 4, 2, 2, 2, 2, 4, 0]","[38, 36, 32, 28, 26, 24, 22, 20, 16, 16]",[],16.0,0
crsd_milinski_low_risk_nohint__anthropic-claude-haiku-4-5-20251001__en__rep9,exp_nohint,en,9,12354,personas_default,NNNNNN,full_history,,0,lottery,0,6,40.0,"[0, 2, 4]",120.0,0.1,True,10,10,False,"[12, 12, 16, 18, 22, 20, 22, 0, 0, 2]","[12, 24, 40, 58, 80, 100, 122, 122, 122, 124]",124.0,1,0,19.333333333333332,0,Player_1,anthropic-claude-haiku-4-5-20251001,neutral,0,"[2, 2, 4, 4, 4, 4, 4, 0, 0, 0]","[38, 36, 32, 28, 24, 20, 16, 16, 16, 16]",[],16.0,0,Player_2,anthropic-claude-haiku-4-5-20251001,neutral,0,"[2, 2, 2, 2, 2, 2, 2, 0, 0, 0]","[38, 36, 34, 32, 30, 28, 26, 26, 26, 26]",[],26.0,0,Player_3,anthropic-claude-haiku-4-5-20251001,neutral,0,"[2, 2, 4, 2, 4, 4, 4, 0, 0, 0]","[38, 36, 32, 30, 26, 22, 18, 18, 18, 18]",[],18.0,0,Player_4,anthropic-claude-haiku-4-5-20251001,neutral,0,"[2, 2, 2, 4, 4, 4, 4, 0, 0, 2]","[38, 36, 34, 30, 26, 22, 18, 18, 18, 16]",[],16.0,0,Player_5,anthropic-claude-haiku-4-5-20251001,neutral,0,"[2, 2, 2, 2, 4, 2, 4, 0, 0, 0]","[38, 36, 34, 32, 28, 26, 22, 22, 22, 22]",[],22.0,0,Player_6,anthropic-claude-haiku-4-5-20251001,neutral,0,"[2, 2, 2, 4, 4, 4, 4, 0, 0, 0]","[38, 36, 34, 30, 26, 22, 18, 18, 18, 18]",[],18.0,0
